Time: 198
LL: -73.9777315096333
AUCROC: 0.9625131027253668
AUCPR: 0.25587300814928055