Time: 199
LL: -29.190719504213128
AUCROC: 0.9681720430107528
AUCPR: 0.28922007473323763