Time: 82
LL: -161.9897815558404
AUCROC: 0.9675092612769667
AUCPR: 0.38339108291952934