Time: 141
LL: -172.53210780216745
AUCROC: 0.9556661548507792
AUCPR: 0.31006616305029866