Time: 187
LL: -80.96156091258543
AUCROC: 0.9906849500135099
AUCPR: 0.29333860566592007