Time: 38685
LL: -260.7678363386195
AUCROC: 0.5947368421052631
AUCPR: 0.5688207082432287