Time: 403
LL: -36.83443972486063
AUCROC: 0.6041666666666667
AUCPR: 0.9077118852080154