Time: 441
LL: -83.65990775905108
AUCROC: 0.9318181818181818
AUCPR: 0.9153454184704185