Time: 486
LL: -37.59955626851928
AUCROC: 0.9714285714285714
AUCPR: 0.9911464585834334