Time: 384
LL: -44.00371913308977
AUCROC: 0.8428571428571429
AUCPR: 0.9317336433407861