Time: 289
LL: -78.38744887202265
AUCROC: 0.8012820512820514
AUCPR: 0.8919499165331507