Time: 396
LL: -11.200439958457451
AUCROC: 0.5
AUCPR: 0.7368421052631577