Time: 410
LL: -30.04501219103934
AUCROC: 0.9142857142857143
AUCPR: 0.9634655027512171