Time: 416
LL: -37.25127362554518
AUCROC: 0.9
AUCPR: 0.8915063331729998