Time: 421
LL: -53.84042157439724
AUCROC: 0.8214285714285715
AUCPR: 0.8857842695158872