Time: 384
LL: -1077.149184321749
AUCROC: 0.5291239871579269
AUCPR: 0.14075314407673764