Time: 396
LL: -1028.5235514844996
AUCROC: 0.5106847984458476
AUCPR: 0.1207072057262986