Time: 324
LL: -609.0795118497128
AUCROC: 0.575
AUCPR: 0.15619314083770802