Time: 367
LL: -1169.7308442089543
AUCROC: 0.517059748427673
AUCPR: 0.13194640986243783