Time: 364
LL: -1139.2835305702392
AUCROC: 0.5572761564423268
AUCPR: 0.1382370710276761